Name	r_ratio	r	EarlyStop	Method	PruneRate	Pruned	DtwCalls	DtwBaselineTime	PrepTime	LbTime	DtwTime	TotalTime	Speedup
ArticularyWordRecognition	0.01	2	1	MV	0.992594	81889	611	1.233	0.004	0.027	0.001	0.032	38.5312
ArticularyWordRecognition	0.01	2	1	P_MV	0.992691	81897	603	1.233	0.002	0.315	0.005	0.322	3.82919
ArticularyWordRecognition	0.01	2	1	WEB_MV	0.992655	81894	606	1.233	0.016	0.412	0.006	0.434	2.84101
ArticularyWordRecognition	0.01	2	1	MC1	0.985503	81304	1196	1.233	0	0.02	0.002	0.022	56.0455
ArticularyWordRecognition	0.01	2	1	MC2	0.989455	81630	870	1.233	0.002	0.058	0.002	0.062	19.8871
ArticularyWordRecognition	0.01	2	1	TI	0.992606	81890	610	1.233	0	4.417	0.001	4.418	0.279086
ArticularyWordRecognition	0.01	2	1	PC	0.992691	81897	603	1.233	0.701	0.433	0.006	1.14	1.08158
ArticularyWordRecognition	0.01	2	1	MC3	0.990182	81690	810	1.233	0.444	0.16	0.006	0.61	2.02131
ArticularyWordRecognition	0.01	2	1	MC3E	0.993818	81990	510	1.233	0.469	1.729	0.008	2.206	0.55893

AtrialFibrillation	0.01	7	1	MV	0.866667	195	30	0.027	0	0	0.001	0.001	27
AtrialFibrillation	0.01	7	1	P_MV	0.866667	195	30	0.027	0	0.004	0.001	0.005	5.4
AtrialFibrillation	0.01	7	1	WEB_MV	0.866667	195	30	0.027	0	0.005	0.001	0.006	4.5
AtrialFibrillation	0.01	7	1	MC1	0.866667	195	30	0.027	0	0.001	0	0.001	27
AtrialFibrillation	0.01	7	1	MC2	0.866667	195	30	0.027	0	0	0.002	0.002	13.5
AtrialFibrillation	0.01	7	1	TI	0.866667	195	30	0.027	0	0.25	0	0.25	0.108
AtrialFibrillation	0.01	7	1	PC	0.866667	195	30	0.027	0.184	0.005	0	0.189	0.142857
AtrialFibrillation	0.01	7	1	MC3	0.866667	195	30	0.027	0.248	0.007	0	0.255	0.105882
AtrialFibrillation	0.01	7	1	MC3E	0.866667	195	30	0.027	0.255	0.006	0.001	0.262	0.103053

BasicMotions	0.01	1	1	MV	0.941875	1507	93	0.01	0	0.002	0	0.002	5
BasicMotions	0.01	1	1	P_MV	0.94625	1514	86	0.01	0	0.016	0.001	0.017	0.588235
BasicMotions	0.01	1	1	WEB_MV	0.943125	1509	91	0.01	0.002	0.013	0	0.015	0.666667
BasicMotions	0.01	1	1	MC1	0.916875	1467	133	0.01	0	0.001	0	0.001	10
BasicMotions	0.01	1	1	MC2	0.928125	1485	115	0.01	0	0.002	0	0.002	5
BasicMotions	0.01	1	1	TI	0.944375	1511	89	0.01	0	0.048	0	0.048	0.208333
BasicMotions	0.01	1	1	PC	0.95125	1522	78	0.01	0.033	0.026	0	0.059	0.169492
BasicMotions	0.01	1	1	MC3	0.929375	1487	113	0.01	0.012	0.004	0	0.016	0.625
BasicMotions	0.01	1	1	MC3E	0.9675	1548	52	0.01	0.01	0.031	0	0.041	0.243902

Cricket	0.01	12	1	MV	0.981353	7631	145	3.049	0.006	0.005	0.018	0.029	105.138
Cricket	0.01	12	1	P_MV	0.981481	7632	144	3.049	0.009	0.142	0.021	0.172	17.7267
Cricket	0.01	12	1	WEB_MV	0.981353	7631	145	3.049	0.01	0.199	0.017	0.226	13.4912
Cricket	0.01	12	1	MC1	0.978266	7607	169	3.049	0.004	0.008	0.015	0.027	112.926
Cricket	0.01	12	1	MC2	0.980581	7625	151	3.049	0.004	0.017	0.02	0.041	74.3659
Cricket	0.01	12	1	TI	0.981481	7632	144	3.049	0	21.376	0.022	21.398	0.14249
Cricket	0.01	12	1	PC	0.981481	7632	144	3.049	5.608	0.535	0.019	6.162	0.494807
Cricket	0.01	12	1	MC3	0.981224	7630	146	3.049	4.365	0.134	0.023	4.522	0.674259
Cricket	0.01	12	1	MC3E	0.98341	7647	129	3.049	3.806	1.294	0.021	5.121	0.595392

DuckDuckGeese	0.01	3	1	MV	0.96	2400	100	7.214	0.354	0.228	0.14	0.722	9.99169
DuckDuckGeese	0.01	3	1	P_MV	0.96	2400	100	7.214	0.339	2.217	0.139	2.695	2.67681
DuckDuckGeese	0.01	3	1	WEB_MV	0.96	2400	100	7.214	0.778	1.714	0.147	2.639	2.73361
DuckDuckGeese	0.01	3	1	MC1	0.9532	2383	117	7.214	0.05	0.002	0.138	0.19	37.9684
DuckDuckGeese	0.01	3	1	MC2	0.9596	2399	101	7.214	0.047	0.003	0.129	0.179	40.3017
DuckDuckGeese	0.01	3	1	TI	0.96	2400	100	7.214	0	8.605	0.134	8.739	0.825495
DuckDuckGeese	0.01	3	1	PC	0.96	2400	100	7.214	33.109	7.669	0.13	40.908	0.176347
DuckDuckGeese	0.01	3	1	MC3	0.96	2400	100	7.214	0.179	0.012	0.142	0.333	21.6637
DuckDuckGeese	0.01	3	1	MC3E	0.98	2450	50	7.214	0.179	20.483	0.145	20.807	0.34671

Epilepsy	0.01	3	1	MV	0.982915	18583	323	0.214	0.002	0.017	0	0.019	11.2632
Epilepsy	0.01	3	1	P_MV	0.984873	18620	286	0.214	0.002	0.139	0.002	0.143	1.4965
Epilepsy	0.01	3	1	WEB_MV	0.984873	18620	286	0.214	0	0.141	0.006	0.147	1.45578
Epilepsy	0.01	3	1	MC1	0.958743	18126	780	0.214	0.001	0.011	0.001	0.013	16.4615
Epilepsy	0.01	3	1	MC2	0.978049	18491	415	0.214	0.003	0.026	0.003	0.032	6.6875
Epilepsy	0.01	3	1	TI	0.985401	18630	276	0.214	0	1.361	0	1.361	0.157237
Epilepsy	0.01	3	1	PC	0.985296	18628	278	0.214	0.438	0.32	0.001	0.759	0.28195
Epilepsy	0.01	3	1	MC3	0.984449	18612	294	0.214	0.276	0.185	0.005	0.466	0.459227
Epilepsy	0.01	3	1	MC3E	0.985401	18630	276	0.214	0.27	0.203	0.004	0.477	0.448637

ERing	0.01	1	1	MV	0.93	7533	567	0.014	0	0.001	0.002	0.003	4.66667
ERing	0.01	1	1	P_MV	0.930123	7534	566	0.014	0.001	0.009	0.001	0.011	1.27273
ERing	0.01	1	1	WEB_MV	0.93	7533	567	0.014	0.001	0.015	0	0.016	0.875
ERing	0.01	1	1	MC1	0.902469	7310	790	0.014	0	0.003	0	0.003	4.66667
ERing	0.01	1	1	MC2	0.918148	7437	663	0.014	0	0.004	0	0.004	3.5
ERing	0.01	1	1	TI	0.929136	7526	574	0.014	0	0.135	0.001	0.136	0.102941
ERing	0.01	1	1	PC	0.930247	7535	565	0.014	0.113	0.026	0	0.139	0.100719
ERing	0.01	1	1	MC3	0.920123	7453	647	0.014	0.051	0.006	0.003	0.06	0.233333
ERing	0.01	1	1	MC3E	0.94963	7692	408	0.014	0.045	0.045	0	0.09	0.155556

EthanolConcentration	0.01	18	1	MV	0.985024	67615	1028	32.474	0.014	0.14	0.278	0.432	75.1713
EthanolConcentration	0.01	18	1	P_MV	0.988069	67824	819	32.474	0.015	2.122	0.265	2.402	13.5196
EthanolConcentration	0.01	18	1	WEB_MV	0.986291	67702	941	32.474	0.026	3.093	0.261	3.38	9.60769
EthanolConcentration	0.01	18	1	MC1	0.957709	65740	2903	32.474	0.012	0.098	0.627	0.737	44.0624
EthanolConcentration	0.01	18	1	MC2	0.981091	67345	1298	32.474	0.017	0.267	0.344	0.628	51.7102
Name	r_ratio	r	EarlyStop	Method	PruneRate	Pruned	DtwCalls	DtwBaselineTime	PrepTime	LbTime	DtwTime	TotalTime	Speedup
ArticularyWordRecognition	0.01	2	1	MV	0.992594	81889	611	1.233	0.004	0.028	0.002	0.034	36.2647
ArticularyWordRecognition	0.01	2	1	P_MV	0.992691	81897	603	1.233	0.003	0.316	0.002	0.321	3.84112
ArticularyWordRecognition	0.01	2	1	WEB_MV	0.992655	81894	606	1.233	0.015	0.432	0.002	0.449	2.7461
ArticularyWordRecognition	0.01	2	1	MC1	0.985503	81304	1196	1.233	0.002	0.022	0.002	0.026	47.4231
ArticularyWordRecognition	0.01	2	1	MC2	0.989455	81630	870	1.233	0.002	0.055	0.001	0.058	21.2586
Name	r_ratio	r	EarlyStop	Method	PruneRate	Pruned	DtwCalls	DtwBaselineTime	PrepTime	LbTime	DtwTime	TotalTime	Speedup
ArticularyWordRecognition	0.01	2	1	MV	0.992594	81889	611	1.233	0.005	0.028	0.004	0.037	33.3243
ArticularyWordRecognition	0.01	2	1	MC1	0.985503	81304	1196	1.233	0.006	0.016	0.003	0.025	49.32
ArticularyWordRecognition	0.01	2	1	MC2	0.989455	81630	870	1.233	0.005	0.051	0.003	0.059	20.8983

AtrialFibrillation	0.01	7	1	MV	0.866667	195	30	0.027	0	0.001	0	0.001	27
AtrialFibrillation	0.01	7	1	MC1	0.866667	195	30	0.027	0	0	0.001	0.001	27
AtrialFibrillation	0.01	7	1	MC2	0.866667	195	30	0.027	0.001	0	0	0.001	27

BasicMotions	0.01	1	1	MV	0.941875	1507	93	0.01	0	0.001	0.001	0.002	5
BasicMotions	0.01	1	1	MC1	0.916875	1467	133	0.01	0	0.001	0	0.001	10
BasicMotions	0.01	1	1	MC2	0.928125	1485	115	0.01	0	0.002	0	0.002	5

Cricket	0.01	12	1	MV	0.981353	7631	145	3.049	0.006	0.004	0.021	0.031	98.3548
Cricket	0.01	12	1	MC1	0.978266	7607	169	3.049	0.004	0.011	0.012	0.027	112.926
Cricket	0.01	12	1	MC2	0.980581	7625	151	3.049	0.008	0.017	0.017	0.042	72.5952

DuckDuckGeese	0.01	3	1	MV	0.96	2400	100	7.214	0.314	0.219	0.129	0.662	10.8973
DuckDuckGeese	0.01	3	1	MC1	0.9532	2383	117	7.214	0.044	0.002	0.126	0.172	41.9419
DuckDuckGeese	0.01	3	1	MC2	0.9596	2399	101	7.214	0.04	0.002	0.133	0.175	41.2229

Epilepsy	0.01	3	1	MV	0.982915	18583	323	0.214	0	0.016	0.001	0.017	12.5882
Epilepsy	0.01	3	1	MC1	0.958743	18126	780	0.214	0	0.011	0.001	0.012	17.8333
Epilepsy	0.01	3	1	MC2	0.978049	18491	415	0.214	0.002	0.025	0	0.027	7.92593

ERing	0.01	1	1	MV	0.93	7533	567	0.014	0	0	0.003	0.003	4.66667
ERing	0.01	1	1	MC1	0.902469	7310	790	0.014	0	0.002	0	0.002	7
ERing	0.01	1	1	MC2	0.918148	7437	663	0.014	0	0.002	0.001	0.003	4.66667

EthanolConcentration	0.01	18	1	MV	0.985024	67615	1028	32.474	0.016	0.127	0.257	0.4	81.185
EthanolConcentration	0.01	18	1	MC1	0.957709	65740	2903	32.474	0.015	0.092	0.539	0.646	50.2693
EthanolConcentration	0.01	18	1	MC2	0.981091	67345	1298	32.474	0.023	0.253	0.294	0.57	56.9719

FingerMovements	0.01	1	1	MV	0.993639	31399	201	0.115	0.001	0.033	0	0.034	3.38235
FingerMovements	0.01	1	1	MC1	0.422152	13340	18260	0.115	0.001	0.006	0.004	0.011	10.4545
FingerMovements	0.01	1	1	MC2	0.553165	17480	14120	0.115	0.002	0.012	0.002	0.016	7.1875

HandMovementDirection	0.01	4	1	MV	0.9875	11692	148	0.513	0.009	0.003	0.003	0.015	34.2
HandMovementDirection	0.01	4	1	MC1	0.9875	11692	148	0.513	0.002	0.008	0.003	0.013	39.4615
HandMovementDirection	0.01	4	1	MC2	0.9875	11692	148	0.513	0.005	0.021	0.003	0.029	17.6897

Handwriting	0.01	2	1	MV	0.986094	125727	1773	0.795	0.003	0.027	0.003	0.033	24.0909
Handwriting	0.01	2	1	MC1	0.977718	124659	2841	0.795	0.001	0.024	0.005	0.03	26.5
Handwriting	0.01	2	1	MC2	0.984502	125524	1976	0.795	0.002	0.078	0.007	0.087	9.13793

Heartbeat	0.01	5	1	MV	0.990196	41410	410	9.361	0.094	0.357	0.052	0.503	18.6103
Heartbeat	0.01	5	1	MC1	0.98967	41388	432	9.361	0.018	0.037	0.047	0.102	91.7745
Heartbeat	0.01	5	1	MC2	0.990196	41410	410	9.361	0.022	0.096	0.032	0.15	62.4067

Libras	0.01	1	1	MV	0.98142	31798	602	0.041	0	0.003	0.001	0.004	10.25
Libras	0.01	1	1	MC1	0.97071	31451	949	0.041	0.002	0.001	0.001	0.004	10.25
Libras	0.01	1	1	MC2	0.989012	32044	356	0.041	0	0.006	0	0.006	6.83333

LSST	0.01	1	1	MV	0.998946	6057503	6391	9.015	0.018	1.25	0.009	1.277	7.05951
LSST	0.01	1	1	MC1	0.99477	6032177	31717	9.015	0.011	0.694	0.02	0.725	12.4345
LSST	0.01	1	1	MC2	0.998114	6052456	11438	9.015	0.009	1.672	0.012	1.693	5.32487

NATOPS	0.01	1	1	MV	0.988889	32040	360	0.107	0.001	0.013	0	0.014	7.64286
NATOPS	0.01	1	1	MC1	0.980617	31772	628	0.107	0.001	0.006	0	0.007	15.2857
NATOPS	0.01	1	1	MC2	0.985432	31928	472	0.107	0.001	0.01	0	0.011	9.72727

PenDigits	0.01	1	1	MV	0.964996	25296405	917607	10.305	0.001	1.689	0.492	2.182	4.72273
PenDigits	0.01	1	1	MC1	0.971288	25461357	752655	10.305	0.005	1.279	0.28	1.564	6.58887
PenDigits	0.01	1	1	MC2	0.99976	26207725	6287	10.305	0.009	2.466	0.001	2.476	4.16195

RacketSports	0.01	1	1	MV	0.982442	22549	403	0.026	0	0.004	0	0.004	6.5
RacketSports	0.01	1	1	MC1	0.936302	21490	1462	0.026	0	0.003	0	0.003	8.66667
RacketSports	0.01	1	1	MC2	0.970939	22285	667	0.026	0	0.006	0.001	0.007	3.71429

SelfRegulationSCP1	0.01	9	1	MV	0.992537	77938	586	10.773	0.008	0.045	0.039	0.092	117.098
SelfRegulationSCP1	0.01	9	1	MC1	0.992537	77938	586	10.773	0.01	0.034	0.032	0.076	141.75
SelfRegulationSCP1	0.01	9	1	MC2	0.992537	77938	586	10.773	0.016	0.177	0.04	0.233	46.2361

SelfRegulationSCP2	0.01	12	1	MV	0.989972	35639	361	9.037	0.009	0.049	0.029	0.087	103.874
SelfRegulationSCP2	0.01	12	1	MC1	0.99	35640	360	9.037	0.005	0.021	0.04	0.066	136.924
SelfRegulationSCP2	0.01	12	1	MC2	0.99	35640	360	9.037	0.014	0.102	0.038	0.154	58.6818

StandWalkJump	0.01	25	1	MV	0.833333	150	30	0.152	0.001	0.001	0.013	0.015	10.1333
StandWalkJump	0.01	25	1	MC1	0.833333	150	30	0.152	0	0	0.014	0.014	10.8571
StandWalkJump	0.01	25	1	MC2	0.833333	150	30	0.152	0.001	0	0.015	0.016	9.5

UWaveGestureLibrary	0.01	4	1	MV	0.983307	37759	641	0.757	0.004	0.007	0.006	0.017	44.5294
UWaveGestureLibrary	0.01	4	1	MC1	0.980781	37662	738	0.757	0.001	0.01	0.005	0.016	47.3125
UWaveGestureLibrary	0.01	4	1	MC2	0.982943	37745	655	0.757	0.002	0.024	0.004	0.03	25.2333

Name	r_ratio	r	EarlyStop	Method	PruneRate	Pruned	DtwCalls	DtwBaselineTime	PrepTime	LbTime	DtwTime	TotalTime	Speedup
ArticularyWordRecognition	0.1	15	1	MV	0.989673	81648	852	4.743	0.01	0.037	0.01	0.057	83.2105
ArticularyWordRecognition	0.1	15	1	MC1	0.919152	75830	6670	4.743	0.006	0.02	0.009	0.035	135.514
ArticularyWordRecognition	0.1	15	1	MC2	0.961891	79356	3144	4.743	0.003	0.05	0.009	0.062	76.5

AtrialFibrillation	0.1	64	1	MV	0.76	171	54	0.105	0	0	0.008	0.008	13.125
AtrialFibrillation	0.1	64	1	MC1	0.84	189	36	0.105	0	0	0.008	0.008	13.125
AtrialFibrillation	0.1	64	1	MC2	0.866667	195	30	0.105	0	0.001	0.007	0.008	13.125

BasicMotions	0.1	10	1	MV	0.91625	1466	134	0.021	0	0.003	0	0.003	7
BasicMotions	0.1	10	1	MC1	0.61125	978	622	0.021	0	0	0.001	0.001	21
BasicMotions	0.1	10	1	MC2	0.7775	1244	356	0.021	0	0.002	0	0.002	10.5

Cricket	0.1	120	1	MV	0.972608	7563	213	13.146	0.009	0.024	0.123	0.156	84.2692
Cricket	0.1	120	1	MC1	0.929398	7227	549	13.146	0.004	0.008	0.127	0.139	94.5755
Cricket	0.1	120	1	MC2	0.955761	7432	344	13.146	0.006	0.018	0.131	0.155	84.8129

DuckDuckGeese	0.1	27	1	MV	0.9596	2399	101	48.393	0.349	0.333	1.017	1.699	28.4832
DuckDuckGeese	0.1	27	1	MC1	0.7212	1803	697	48.393	0.042	0.003	1.046	1.091	44.3566
DuckDuckGeese	0.1	27	1	MC2	0.8288	2072	428	48.393	0.034	0.005	1.048	1.087	44.5198

Epilepsy	0.1	21	1	MV	0.931715	17615	1291	1.125	0.005	0.01	0.009	0.024	46.875
Epilepsy	0.1	21	1	MC1	0.742939	14046	4860	1.125	0.002	0.007	0.009	0.018	62.5
Epilepsy	0.1	21	1	MC2	0.852639	16120	2786	1.125	0.002	0.015	0.01	0.027	41.6667

ERing	0.1	7	1	MV	0.912469	7391	709	0.07	0.001	0	0.005	0.006	11.6667
ERing	0.1	7	1	MC1	0.818148	6627	1473	0.07	0.001	0.001	0.003	0.005	14
ERing	0.1	7	1	MC2	0.863333	6993	1107	0.07	0	0.003	0.003	0.006	11.6667

